4953.591478925922
2.1292548709761016E7
1.9879214308286007E7
2.1114520580546565E7
2.080709040777266E7
2.150730106312904E7
2.3107234208151635E7
2.0509849359628927E7
2.2862798167399656E7
2.080692616327364E7
2.095221232963504E7
2.0806425540129405E7
2.1188699416496504E7
2.2790996991828118E7
2.2076089664675653E7
4953.606804025312
2.129254870796015E7
1.9879214308476895E7
2.1114520585675854E7
2.0807090398854345E7
2.150730106086371E7
2.3107234204721257E7
2.050984935888699E7
2.286279816043146E7
2.08069261635898E7
2.09522123365159E7
2.080642555252921E7
2.11886994007278E7
2.279099699459937E7
2.2076089673340127E7
495.3612115473129
2129254.7830608576
1987921.3578324527
2111451.988238729
2080708.966686586
2150730.031307246
2310723.3340299428
2050984.8603512784
2286279.730199685
2080692.5381524528
2095221.1469343468
2080642.474065694
2118869.8712331313
2279099.62196945
2207608.878286469
-130.2185747221733
-563930.5366795498
-521955.6099070258
-555304.0345483911
-540570.0984699163
-565346.1972538823
-603682.1248735428
-533737.9142713075
-601098.7568737861
-550256.3668222583
-551048.4468574061
-547318.8987529434
-557296.5470665446
-601663.7397607625
-573084.9043723035
