0.00868024864636027
-0.009613080290988679
-0.002802862665508836
4.4296717784138295E-4
-0.005475387405033972
0.00890586250150689
-0.009842157266407178
-0.00487949245706121
-0.00886782504130663
0.006090682681806415
-0.007093106054017797
0.001661040134252452
0.0052850437867453665
1.7378043960490294E-4
0.007720299194639619
0.9383609069767138
NaN
NaN
NaN
NaN
NaN
NaN
NaN
NaN
NaN
NaN
NaN
NaN
NaN
NaN
1.3983804534882873
NaN
NaN
NaN
NaN
NaN
NaN
NaN
NaN
NaN
NaN
NaN
NaN
NaN
NaN
2.017580453488219
NaN
NaN
NaN
NaN
NaN
NaN
NaN
NaN
NaN
NaN
NaN
NaN
NaN
NaN
