0.0
0.0027652071805547747
0.0016660008225091675
0.0038439908204076344
0.003188219020933067
-5.62669033417465E-4
-0.004371069358186399
0.003049555954706424
-0.009052218715833409
0.0045858268723775585
-0.006633881943056763
-6.056686595936854E-4
0.007084613246259896
-0.005560901564283099
-0.00851656550690534
0.6183999999999972
NaN
NaN
NaN
NaN
NaN
NaN
NaN
NaN
NaN
NaN
NaN
NaN
NaN
NaN
1.3967804534882875
NaN
NaN
NaN
NaN
NaN
NaN
NaN
NaN
NaN
NaN
NaN
NaN
NaN
NaN
2.0159804534882193
NaN
NaN
NaN
NaN
NaN
NaN
NaN
NaN
NaN
NaN
NaN
NaN
NaN
NaN
