0.004841565307157328
-0.006579608385235434
-0.004098646534623822
-0.0039988359660634324
-0.007405082638450276
2.456690861817167E-4
-0.0033538101964932787
5.134639358831735E-4
8.20022486829412E-4
0.003039035636968586
-0.009576556919763377
0.007687464994810692
-0.0035094901120484145
-0.009142487460442996
0.006215160733160164
0.6280415653071534
NaN
NaN
NaN
NaN
NaN
NaN
NaN
NaN
NaN
NaN
NaN
NaN
NaN
NaN
0.9415609069767135
NaN
NaN
NaN
NaN
NaN
NaN
NaN
NaN
NaN
NaN
NaN
NaN
NaN
NaN
1.5647609069766448
NaN
NaN
NaN
NaN
NaN
NaN
NaN
NaN
NaN
NaN
NaN
NaN
NaN
NaN
